111111111111111111111111111111111111111111111111111111111111111111111111111111111111111111
111111111111111111111111111111111111111111111111111111111111111111111111111111111111111111
111111111111111111111111111111111111111111111111111111111111111111111111111111111111111111
111111111111111111111111111111111111111111111111111111111111111111111111111111111111111111
111111111111111111111111111111111111111111111111111111111111111111111111111111111111111111
111111111111111111111111111111111111111111111111111111111111111111111111111111111111111111
111111111111111111111111111111111111111111111111111111111111111111111111111111111111111111
111111111111111111111111111111111111111111111111111111111111111111111111111111111111111111
111111111111111111111111111111111111111111111111111111111111111111111111111111111111111111
111111111111111111111111111111111111111111111111111111111111111111111111111111111111111111
111111111111111111111111111111111111111111111111111111111111111111111111111111111111111111
111111111111111111111111111111111111111111111111111111111111111111111111111111111111111111
111111111111111111111111111111111111111111111111111111111111111111111111111111111111111111
111111111111111111111111111111111111111111111111111111111111111111111111111111111111111111
111111111111111111111111111111111111111111111111111111111111111111111111111111111111111111
111111111111111111111111111111111111111111111111111111111111111111111111111111111111111111
111111111111111111111111111111111111111111111111111111111111111111111111111111111111111111
111111111111111111111111111111111111111111111111111111111111111111111111111111111111111111
111111111111111111111111111111111111111111111111111111111111111111111111111111111111111111
111111111111111111111111111111111111111111111111111111111111111111111111111111111111111111
111111111111111111111111111111111111111111111111111111111111111111111111111111111111111111
111111111111111111111111111111111111111111111111111111111111111111111111111111111111111111
111111111111111111111111111111111111111111111111111111111111111111111111111111111110111111
111111111111111111111111111111111111111111111111111111111111111111111111111111111110111111
111111111111111111111111111111111111111111111111111111111111111111111111111111111110111111
111111111111111111111111111111111111111111111111111111111111111111111111111111111110111111
111111111111111111111111111111111111111111111111111111111111111111111111111111111110111111
111111111111111111111111111111111111111111111111111111111111111111111111111111111110111111
111111111111111111111111111111111111111111111111111111111111111111111111111111111110111111
111111111111111111111111111111111111111111111111111111111111111111111111111111111110111111
111111111111111111111111111111111111111111111111111111111111111111111111111111111110111111
111111111111111111111111111111111111111111111111111111111111111111111111111111111110111111
111111111111111111111111111111111111111111111111111111111000000000000000000000000000111111
111111111111111111111111111111111111111111111111111111111011111111111111111111111111111111
111111111111111111111111111111111111111111111111111111111011111111111111111111111111111111
111111111111111111111111111111111111111111111111111111111011111111111111111111111111111111
111111111111111111111111111111111111111111111111111111111011111111111111111111111111111111
111111111111111111111111111111111111111111111111111111111011111111111111111111111111111111
111111111111111111111111111111111111111111111111111111111011111111111111111111111111111111
111111111111111111111111111111111111111111111111111111111011111111111111111111111111111111
111111111111111111111111111111111111111111111111111111111011111111111111111111111111111111
111111111111111111111111111111111111111111111111111111111011111111111111111111111111111111
111111111111111111111111111111111111111111111111111111111011111111111111111111111111111111
111111111111111111111111111111111111111111111111111111111011111111111111111111111111111111
111111111111111111111111111111111111111111111111111111111011111111111111111111111111111111
111111111111111111111111111111111111111111111111111111111011111111111111111111111111111111
111111111111111111111111111111111111111111111111111111111011111111111111111111111111111111
111111111111111111111111111111111111111111111111111111111011111111111111111111111111111111
111111111111111111111111111111111111111111111111111111111011111111111111111111111111111111
111111111111111111111111111111111111111111111111111111111011111111111111111111111111111111
111111111111111111111111111111111111111111111111111111111011111111111111111111111111111111
111111111111111111111111111111111111111111111111111111111011111111111111111111111111111111
111111111111111111111111111111111111111111111111111111111011111111111111111111111111111111
111111111111111111111111111111111111111111111111111111111011111111111111111111111111111111
111111111111111111111111111111111111111111111111111111111011111111111111111111111111111111
111111111111111111111111111111111111111111111111111111111011111111111111111111111111111111
111111111111111111111111111111111111111111111111111111111011111111111111111111111111111111
111111111111111111111111111111111111111111111111111111111011111111111111111111111111111111
111111111111111111111111111111111111111111111111111111111011111111111111111111111111111111
111111111111111111111111111111111111111111111111111111111011111111111111111111111111111111
111111111111111111111111111111111111111111111111111111111011111111111111111111111111111111
111111111111111111111111111111111111111111111111111111111011111111111111111111111111111111
111111111111111111111111111111111111111111111111111111111011111111111111111111111111111111
111111111111111111111111111111111111111111111111111111111000000001111111111111111111111111
111111111111111111111111111111111111111111111111111111111011111111111111111111111111111111
111111111111111111111111111111111111111111111111000000000011111111111111111111111111111111
111111111111111111111111111111111111111111111111111111111011111111111111111111111111111111
111111111111111111111111111111111111111111111111111111111011111111111111111111111111111111
111111111111111111111111111111111111111111111111111111111011111111111111111111111111111111
111111111111111111111111111111111111111111111111111111111011111111111111111111111111111111
111111111111111111111111111111111111111111111111111111111011111111111111111111111111111111
111111111111111111111111111111111111111111111111111111111011111111111111111111111111111111
111111111111111111111111111111111111111111111111111111111011111111111111111111111111111111
111111111111111111111111111111111111111111111111111111111011111111111111111111111111111111
111111111111111111111111111111111111111111111111111111111011111111111111111111111111111111
111111111111111111111111111111111111111111111111111111111011111111111111111111111111111111
111111111111111111111111111111111111111111111111111111111011111111111111111111111111111111
111111111111111111111111111111111111111111111111111111111011111111111111111111111111111111
111111111111111111111111111111111111111111111111111111111011111111111111111111111111111111
111111111111111111111111111111111111111111111111111111111111111111111111111111111111111111
